===== INSPEÇÃO GEOFÍSICA =====

########## 1039/spaulo_rjaneiro_sp.xyz (109 MB) ##########
   0| /PROJETO AEROGEOFÖSICO SÇO PAULO-RIO DE JANEIRO  (FASE SÇO PAULO)   CàDIGO NA BASE AERO = 1039 [15 tokens]
   1| /COORDENADAS UTM  ELIPSàIDE INTERNACIONAL  HAYFORD  1910  MC= -51§ E -45§ [10 tokens]
   2| /LINE-   20 A 2487 (243 PERFIS)  TIE- 9000 A 9220 (25 PERFIS)  TOTAL= 268 PERFIS [15 tokens]
   3| /LINE- 2540 A 8120 (532 PERFIS)  TIE- 9230 A 9880 (54 PERFIS)  TOTAL= 586 PERFIS [15 tokens]
   4| /  UTME      UTMN       LONG         LAT       MAGR      THC       UC        KC        CTC       MAGB      MAGC      MAGD      THB       UB        KB  [21 tokens]
   5| LINE    20. [2 tokens]
   6|   684002.  7335281. -49.190033 -24.083740   -144.49     45.56      5.05     14.96    714.25  23322.00  23332.48  23314.39     65.00     43.00     74.0 [20 tokens]
   7|   684003.  7335381. -49.190048 -24.082840   -147.53     53.58      0.0      27.56    708.61  23319.00  23329.48  23311.39     73.00     27.00     79.0 [20 tokens]
   8|   684004.  7335481. -49.190048 -24.081940   -144.57     52.58     14.07     15.95    837.01  23322.00  23332.48  23314.38     73.00     55.00     83.0 [20 tokens]
   9|   684005.  7335581. -49.190048 -24.081039   -146.61     51.68      0.0      46.94    862.91  23320.00  23330.47  23312.38     74.00     35.00    106.0 [20 tokens]
  10|   684006.  7335681. -49.190048 -24.080124   -156.65     62.20     21.64     12.20    898.35  23310.00  23320.47  23302.37     88.00     69.00     90.0 [20 tokens]
  11|   684008.  7335781. -49.190048 -24.079224   -160.69     52.66     17.19     33.70    881.14  23306.00  23316.46  23298.37     80.00     62.00    111.0 [20 tokens]
  12|   684009.  7335881. -49.190048 -24.078323   -163.73     56.12     22.15     25.01    931.36  23303.00  23313.46  23295.37     86.00     70.00    107.0 [20 tokens]
  13|   684010.  7335981. -49.190048 -24.077423   -171.77     77.71     14.58     17.94    949.37  23295.00  23305.46  23287.36    113.00     71.00    103.0 [20 tokens]
  14|   684011.  7336081. -49.190048 -24.076523   -158.82     64.62      9.26     37.98    897.67  23308.00  23318.45  23300.36     96.00     59.00    118.0 [20 tokens]
  15|   684012.  7336181. -49.190048 -24.075623   -131.86     44.36     23.19     36.32    882.40  23335.00  23345.45  23327.36     70.00     65.00    114.0 [20 tokens]
  16|   684013.  7336281. -49.190048 -24.074707   -124.90     58.57     10.26     15.46    890.54  23342.00  23352.45  23334.35     83.00     55.00     85.0 [20 tokens]
  17|   684015.  7336381. -49.190048 -24.073807   -121.94     60.77      0.0      43.94    946.19  23345.00  23355.44  23337.35     82.00     34.00    102.0 [20 tokens]
  18|   684016.  7336481. -49.190048 -24.072906   -118.98     54.50      4.34     22.14    739.59  23348.00  23358.44  23340.34     73.00     45.00     83.0 [20 tokens]
  19|   684017.  7336581. -49.190048 -24.072006   -119.02     67.73      4.63     27.42    717.22  23348.00  23358.43  23340.34     84.00     49.00     91.0 [20 tokens]
  20|   684018.  7336681. -49.190063 -24.071106   -114.06     53.95      3.48     28.12    725.72  23353.00  23363.43  23345.34     70.00     43.00     86.0 [20 tokens]
  21|   684019.  7336781. -49.190063 -24.070190   -117.10     48.66      7.34      0.0     630.65  23350.00  23360.42  23342.33     65.00     45.00     52.0 [20 tokens]
  22|   684021.  7336881. -49.190063 -24.069290   -115.14     48.11     10.38      8.80    529.71  23352.00  23362.42  23344.32     65.00     48.00     70.0 [20 tokens]
  23|   684022.  7336981. -49.190063 -24.068390   -108.18     34.90     22.61      6.83    614.45  23359.00  23369.41  23351.32     53.00     56.00     71.0 [20 tokens]
  24|   684023.  7337080. -49.190063 -24.067505   -103.22     31.99      8.93      9.60    551.87  23364.00  23374.41  23356.32     51.00     42.00     66.0 [20 tokens]
  25|   684024.  7337180. -49.190063 -24.066589    -99.26     40.00     20.49      3.04    643.31  23368.00  23378.41  23360.31     60.00     57.00     69.0 [20 tokens]
  26|   684025.  7337280. -49.190063 -24.065689    -96.30     35.49     13.82      5.80    652.94  23371.00  23381.40  23363.31     56.00     49.00     67.0 [20 tokens]
  27|   684027.  7337379. -49.190063 -24.064804    -93.34     60.20      8.94     27.86    890.67  23374.00  23384.40  23366.30     82.00     53.00     96.0 [20 tokens]
  28|   684028.  7337479. -49.190063 -24.063889    -85.38     47.45     14.74     38.29    910.91  23382.00  23392.39  23374.30     68.00     54.00    105.0 [20 tokens]
  29|   684029.  7337579. -49.190063 -24.062988    -89.42     52.79      0.66     44.06    878.56  23378.00  23388.39  23370.30     72.00     41.00    103.0 [20 tokens]
  30|   684030.  7337679. -49.190063 -24.062088    -77.47     50.68     22.53     34.06    905.21  23390.00  23400.39  23382.29     68.00     61.00    102.0 [20 tokens]
  31|   684032.  7337778. -49.190063 -24.061203    -64.51     42.55     16.81     27.84    754.16  23403.00  23413.38  23395.29     59.00     52.00     89.0 [20 tokens]
  32|   684033.  7337878. -49.190063 -24.060287    -54.55     40.88      0.89     25.00    793.65  23413.00  23423.38  23405.29     57.00     36.00     77.0 [20 tokens]
  33|   684034.  7337978. -49.190063 -24.059387    -46.59     45.74     13.65     24.29    856.13  23421.00  23431.37  23413.28     62.00     50.00     85.0 [20 tokens]
  34|   684035.  7338077. -49.190063 -24.058502    -44.63     37.44     23.12     18.60    892.55  23423.00  23433.37  23415.28     55.00     57.00     83.0 [20 tokens]
  35|   684036.  7338177. -49.190063 -24.057587    -45.67     66.34     14.70     25.28    929.36  23422.00  23432.37  23414.27     84.00     59.00     95.0 [20 tokens]
  36|   684038.  7338277. -49.190063 -24.056686    -55.71     70.25      0.0      28.82    943.24  23412.00  23422.36  23404.27     89.00     45.00     92.0 [20 tokens]
  37|   684039.  7338376. -49.190063 -24.055801    -73.75     75.69      0.0      32.32    828.01  23394.00  23404.36  23386.26     96.00     41.00     95.0 [20 tokens]
  38|   684040.  7338476. -49.190063 -24.054901    -90.79     57.44      5.10      1.38    823.30  23377.00  23387.35  23369.26     79.00     48.00     65.0 [20 tokens]
  39|   684041.  7338576. -49.190063 -24.053986   -100.83     58.42      9.72     11.72    869.54  23367.00  23377.35  23359.25     82.00     54.00     80.0 [20 tokens]
  40|   684042.  7338676. -49.190063 -24.053085   -107.87     75.24     11.53      0.0     895.13  23360.00  23370.34  23352.25    102.00     63.00     69.0 [20 tokens]
  41|   684044.  7338775. -49.190063 -24.052200    -99.91     63.16     14.32     13.40    873.50  23368.00  23378.34  23360.25     90.00     62.00     88.0 [20 tokens]
  42|   684045.  7338875. -49.190063 -24.051285    -99.95     57.72     29.20      3.84    861.21  23368.00  23378.34  23360.24     84.00     76.00     84.0 [20 tokens]
  43|   684046.  7338975. -49.190063 -24.050385   -104.00     53.29     23.97     10.37    964.28  23364.00  23374.33  23356.24     78.00     68.00     86.0 [20 tokens]
  44|   684047.  7339074. -49.190079 -24.049500   -106.04     44.42     21.31     22.92    819.73  23362.00  23372.33  23354.23     67.00     61.00     94.0 [20 tokens]
  45|   684049.  7339174. -49.190079 -24.048599   -112.08     66.02     12.31      1.90    816.97  23356.00  23366.32  23348.23     89.00     59.00     73.0 [20 tokens]
  46|   684050.  7339274. -49.190079 -24.047684   -123.12     54.06     13.80     21.19    814.83  23345.00  23355.32  23337.23     76.00     56.00     90.0 [20 tokens]
  47|   684051.  7339373. -49.190079 -24.046799   -126.16     42.04     10.94     26.88    805.76  23342.00  23352.32  23334.22     64.00     49.00     91.0 [20 tokens]
  48|   684056.  7339475. -49.190033 -24.045868   -131.20     78.04     13.29      0.74    768.76  23337.00  23347.31  23329.22    103.00     65.00     77.0 [20 tokens]
  49|   684061.  7339576. -49.190002 -24.044968   -140.24     61.78      0.0      38.91    837.24  23328.00  23338.31  23320.21     85.00     33.00     98.0 [20 tokens]
  50|   684065.  7339677. -49.189972 -24.044052   -139.28     55.85     11.69     25.50    873.67  23329.00  23339.30  23321.21     79.00     55.00     95.0 [20 tokens]
  51|   684070.  7339778. -49.189941 -24.043137   -109.33     54.58      1.76     50.39    854.99  23359.00  23369.30  23351.20     80.00     45.00    119.0 [20 tokens]
  52|   684075.  7339879. -49.189896 -24.042221    -78.37     91.50      5.19      8.98    951.35  23390.00  23400.29  23382.20    124.00     64.00     89.0 [20 tokens]
  53|   684080.  7339981. -49.189865 -24.041306    -44.41     55.52     14.02     58.29   1002.55  23424.00  23434.29  23416.20     82.00     59.00    137.0 [20 tokens]
  54|   684085.  7340082. -49.189835 -24.040390    -34.45     51.48     22.02     31.94    940.38  23434.00  23444.29  23426.19     74.00     64.00    106.0 [20 tokens]
  55|   684090.  7340183. -49.189804 -24.039474    -36.50     61.91     19.07     37.22    867.45  23432.00  23442.28  23424.19     80.00     62.00    108.0 [20 tokens]
  56|   684094.  7340284. -49.189758 -24.038559    -46.54     39.73      9.63     40.90    802.92  23422.00  23432.28  23414.18     56.00     44.00     96.0 [20 tokens]
  57|   684099.  7340385. -49.189728 -24.037659    -52.58     55.60     26.80     38.88    884.42  23416.00  23426.27  23408.18     70.00     65.00    107.0 [20 tokens]
  58|   684104.  7340486. -49.189697 -24.036743    -61.62     51.54      0.0      25.37    854.11  23407.00  23417.27  23399.18     68.00     37.00     80.0 [20 tokens]
  59|   684109.  7340588. -49.189651 -24.035812    -67.66     42.67      4.10     74.99    931.92  23401.00  23411.27  23393.17     62.00     41.00    133.0 [20 tokens]
      ... [interrompido no limite de 60 linhas]

########## 1105/XYZ/1105_GamaLine.XYZ (379 MB) ##########
   0| / ------------------------------------------------------------------------------ [2 tokens]
   1| / XYZ EXPORT [06/22/2017] [4 tokens]
   2| / DATABASE   [.\1105_GamaLine_M.gdb] [3 tokens]
   3| / ------------------------------------------------------------------------------ [2 tokens]
   4| / [1 tokens]
   5| /      KB         DATA    BARO       UB      THB  COSMICO      CTB      UUP     ALTURA      KPERC         eU        eTH      CTEXP   UTHRAZAO          [31 tokens]
   6| /======== ============ ======= ======== ======== ======== ======== ======== ========== ========== ========== ========== ========== ========== ======== [30 tokens]
   7| / [1 tokens]
   8| //Flight 456 [2 tokens]
   9| //Date 2013/09/14 [2 tokens]
  10| Line  9480 [2 tokens]
  11|      168   2013/09/14   707.8       85      136      276     2559        5     111.38      1.020      1.110     13.000      5.990      0.100  292878.1 [30 tokens]
  12|      196   2013/09/14   707.2       77      137      280     2659        2     111.33      1.470      1.090     13.530      6.810      0.100  292876.5 [30 tokens]
  13|      230   2013/09/14   707.5       83      143      248     2745        3     109.37      1.820      1.150     14.970      7.790      0.100  292875.0 [30 tokens]
  14|      204   2013/09/14   706.0       86      160      266     2770        2     106.88      1.520      1.220     14.940      7.370      0.100  292874.1 [30 tokens]
  15|      188   2013/09/14   706.7       77      123      273     2713        6     107.39      1.340      1.150     13.110      6.530      0.100  292873.8 [30 tokens]
  16|      196   2013/09/14   709.1       80      148      288     2509        4     107.62      1.190      1.130     13.320      6.340      0.100  292873.6 [30 tokens]
  17|      161   2013/09/14   706.5       82      133      242     2493        4     108.81      1.010      0.980     13.540      6.040      0.100  292873.6 [30 tokens]
  18|      182   2013/09/14   704.7       62      132      241     2416        3     112.43      1.190      0.460     12.900      5.790      0.100  292873.9 [30 tokens]
  19|      163   2013/09/14   703.5       62      130      258     2487        6     113.36      1.190      0.230     13.600      5.850      0.100  292874.6 [30 tokens]
  20|      172   2013/09/14   702.4       71      141      266     2528        9     112.27      1.070      0.530     13.620      5.870      0.100  292876.0 [30 tokens]
  21|      176   2013/09/14   699.3       77      128      274     2518        5     111.53      1.070      0.610     13.780      5.960      0.100  292877.7 [30 tokens]
  22|      164   2013/09/14   697.8       72      150      233     2479        7     110.37      0.820      0.800     14.490      5.910      0.100  292879.6 [30 tokens]
  23|      167   2013/09/14   696.9       98      126      250     2383        4     107.92      0.740      1.080     12.140      5.310      0.100  292881.3 [30 tokens]
  24|      165   2013/09/14   696.8       64      104      258     2416        6     107.37      1.030      0.830      9.070      4.690      0.100  292882.7 [30 tokens]
  25|      171   2013/09/14   696.7       78      110      282     2512        7     105.33      0.950      0.880      9.030      4.600      0.100  292883.6 [30 tokens]
  26|      149   2013/09/14   695.1       86      118      259     2586        2     105.11      0.620      1.020     11.430      4.880      0.100  292884.1 [30 tokens]
  27|      153   2013/09/14   693.2       72      141      280     2469        6     103.08      0.480      0.580     13.450      4.960      0.100  292884.2 [30 tokens]
  28|      134   2013/09/14   692.2       74      129      254     2195        9     100.70      0.470      0.740     11.670      4.540      0.100  292884.4 [30 tokens]
  29|      168   2013/09/14   691.1       90      118      272     2410        5      99.33      0.660      1.170     10.960      4.900      0.100  292884.4 [30 tokens]
  30|      175   2013/09/14   689.7       80      159      259     2605        4     100.41      0.750      1.000     15.250      6.160      0.100  292884.5 [30 tokens]
  31|      177   2013/09/14   689.1       88      168      258     2666        4     102.29      0.960      0.870     18.080      7.200      0.100  292884.7 [30 tokens]
  32|      221   2013/09/14   688.0       79      153      283     2644        5     102.09      1.390      1.080     14.500      6.960      0.100  292884.7 [30 tokens]
  33|      186   2013/09/14   688.3       82      113      257     2499        3      99.39      1.300      1.060     10.960      5.790      0.100  292884.5 [30 tokens]
  34|      184   2013/09/14   687.0       71      142      285     2557        3      94.49      0.910      0.980     12.980      5.730      0.100  292884.1 [30 tokens]
  35|      179   2013/09/14   687.1       99      149      271     2542        4      89.76      0.760      1.100     12.650      5.490      0.100  292884.0 [30 tokens]
  36|      164   2013/09/14   687.5       68      100      246     2343        5      84.93      0.650      0.920      9.010      4.170      0.100  292883.8 [30 tokens]
  37|      141   2013/09/14   686.4       77      124      265     2223        4      83.32      0.450      0.740      9.410      3.860      0.100  292883.4 [30 tokens]
  38|      159   2013/09/14   686.9       83      129      242     2395        5      83.28      0.360      0.720     10.860      4.130      0.100  292883.1 [30 tokens]
  39|      136   2013/09/14   685.8       71      123      275     2434        5      80.35      0.370      0.540     10.760      3.990      0.100  292882.9 [30 tokens]
  40|      145   2013/09/14   685.7       85      134      248     2453       10      78.01      0.090      0.970     10.400      3.760      0.100  292882.7 [30 tokens]
  41|      116   2013/09/14   686.5      105      111      293     2356        7      82.70     -0.240      1.450      9.090      3.190      0.100  292882.5 [30 tokens]
  42|      114   2013/09/14   686.9       73      107      265     2241        2      89.92      0.000      1.050      8.760      3.200      0.100  292882.4 [30 tokens]
  43|      150   2013/09/14   687.8       71      112      261     2420        4      96.96      0.520      0.760     10.230      4.220      0.100  292881.8 [30 tokens]
  44|      148   2013/09/14   686.7       78      117      269     2430        3      99.59      0.550      1.030     10.850      4.620      0.100  292881.5 [30 tokens]
  45|      141   2013/09/14   685.6       77      110      288     2392        3      98.89      0.390      1.100     10.160      4.220      0.100  292881.1 [30 tokens]
  46|      140   2013/09/14   685.2       73      110      257     2354        7      98.19      0.410      1.020      9.750      4.080      0.100  292880.6 [30 tokens]
  47|      152   2013/09/14   684.3       79      115      254     2321        3      95.47      0.610      1.160     10.630      4.730      0.100  292880.1 [30 tokens]
  48|      186   2013/09/14   686.2       91      133      254     2515        6      90.09      0.780      1.370     11.630      5.400      0.100  292879.2 [30 tokens]
  49|      167   2013/09/14   688.5       87      125      255     2680        4      83.44      0.670      1.360     11.090      5.070      0.100  292878.7 [30 tokens]
  50|      161   2013/09/14   691.2       86      121      320     2672        3      76.47      0.600      1.100      9.560      4.360      0.100  292877.7 [30 tokens]
  51|      154   2013/09/14   692.3       75      109      277     2566        3      70.34      0.440      1.170      8.300      3.810      0.100  292877.2 [30 tokens]
  52|      133   2013/09/14   695.8      108      118      309     2637        6      63.74      0.050      1.440      8.010      3.320      0.100  292876.1 [30 tokens]
  53|      122   2013/09/14   692.7       87      122      279     2580        5      54.86     -0.050      1.200      9.210      3.350      0.100  292874.9 [30 tokens]
  54|      144   2013/09/14   692.9       98      149      295     2838        5      47.72      0.070      1.060      9.720      3.590      0.100  292873.7 [30 tokens]
  55|      146   2013/09/14   691.9      104      119      288     2888       10      45.52      0.210      1.350      8.580      3.660      0.100  292873.0 [30 tokens]
  56|      179   2013/09/14   689.4      105      129      330     2823        6      48.21      0.470      1.280      7.410      3.670      0.100  292873.0 [30 tokens]
  57|      161   2013/09/14   689.0       80      106      285     2585        2      53.05      0.620      0.870      7.900      3.770      0.100  292873.4 [30 tokens]
  58|      172   2013/09/14   690.6       87      148      327     2694        8      58.82      0.620      0.860     10.490      4.510      0.100  292874.2 [30 tokens]
  59|      177   2013/09/14   688.2       99      145      301     3038        6      66.21      0.650      1.280     12.490      5.400      0.100  292876.0 [30 tokens]
      ... [interrompido no limite de 60 linhas]

########## 1105/XYZ/1105_GamaTie.XYZ (25 MB) ##########
   0| / ------------------------------------------------------------------------------ [2 tokens]
   1| / XYZ EXPORT [06/22/2017] [4 tokens]
   2| / DATABASE   [.\1105_GamaTie_M.gdb] [3 tokens]
   3| / ------------------------------------------------------------------------------ [2 tokens]
   4| / [1 tokens]
   5| /      KB         DATA    BARO       UB      THB  COSMICO      CTB      UUP     ALTURA      KPERC         eU        eTH      CTEXP   UTHRAZAO          [33 tokens]
   6| /======== ============ ======= ======== ======== ======== ======== ======== ========== ========== ========== ========== ========== ========== ======== [32 tokens]
   7| / [1 tokens]
   8| //Flight 313 [2 tokens]
   9| //Date 2011/08/28 [2 tokens]
  10| Tie  19010 [2 tokens]
  11|       63   2011/08/28   207.8       34       16      165      686        6     167.76      0.060      0.597      0.587      0.648      0.906  378133.9 [32 tokens]
  12|       78   2011/08/28   211.4       25       22      179      804        3     172.36      0.139      0.332      0.824      0.662      0.726  378061.8 [32 tokens]
  13|       92   2011/08/28   215.3       26       25      162     1012        2     176.82      1.490      0.399      6.987      4.508      0.645  377989.9 [32 tokens]
  14|      117   2011/08/28   219.6       40       25      175     1199        6     179.00      1.975      1.459      6.574      5.812      0.604  377917.8 [32 tokens]
  15|      138   2011/08/28   223.8       43       28      177     1397        3     172.47      2.497      1.755      8.473      7.336      0.583  377845.9 [32 tokens]
  16|      153   2011/08/28   226.6       41       42      167     1584        4     143.16      2.576      1.438     10.757      7.902      0.572  377773.7 [32 tokens]
  17|      160   2011/08/28   229.1       49       41      186     1653        3     127.62      2.092      1.704     10.570      7.295      0.568  377701.2 [32 tokens]
  18|      141   2011/08/28   232.0       56       47      156     1671        2     120.81      1.811      2.038     11.297      7.298      0.569  377628.2 [32 tokens]
  19|      167   2011/08/28   234.1       55       53      169     1664        6     122.72      1.975      2.173     13.511      8.269      0.575  377555.2 [32 tokens]
  20|      146   2011/08/28   234.5       61       52      179     1649        4     135.42      1.820      2.161     14.720      8.375      0.587  377481.9 [32 tokens]
  21|      117   2011/08/28   232.6       45       43      156     1384        5     153.92      1.442      1.580     11.896      6.616      0.607  377408.1 [32 tokens]
  22|       97   2011/08/28   229.0       33       20      158     1098        7     168.62      1.354      0.836      5.831      4.257      0.642  377333.6 [32 tokens]
  23|       81   2011/08/28   225.1       29       17      149      862        2     172.35      1.098      0.595      2.647      2.801      0.702  377258.3 [32 tokens]
  24|       67   2011/08/28   219.9       28       12      179      671        2     167.63      0.519      0.821      1.715      1.810      0.818  377182.2 [32 tokens]
  25|       51   2011/08/28   213.2       32       11      165      614        4     160.82      0.011      0.893      0.109      0.631      1.070  377105.3 [32 tokens]
  26|       69   2011/08/28   252.2       32        8      159      591        4     217.77      0.075      1.768      0.155      1.312      1.753  373264.1 [32 tokens]
  27|       61   2011/08/28   255.1       26       13      176      655        2     221.48      0.125      1.277      0.223      1.086      1.280  373190.8 [32 tokens]
  28|       83   2011/08/28   258.2       25       19      168      799        3     225.29      0.232      0.316      1.014      0.847      1.043  373117.1 [32 tokens]
  29|       92   2011/08/28   261.8       23       28      176      988        6     222.55      2.170      0.138     10.934      6.494      0.924  373043.8 [32 tokens]
  30|      103   2011/08/28   265.4       34       29      154     1100        5     211.15      1.784      1.046     11.754      6.742      0.871  372970.4 [32 tokens]
  31|       94   2011/08/28   269.0       43       30      159     1076        2     206.76      1.496      1.925     10.152      6.422      0.857  372897.1 [32 tokens]
  32|      108   2011/08/28   272.4       39       22      164     1056        5     213.32      1.837      2.516      7.198      6.474      0.868  372824.1 [32 tokens]
  33|      102   2011/08/28   275.3       49       21      176     1004        2     223.93      1.701      3.200      6.972      6.651      0.891  372750.7 [32 tokens]
  34|       90   2011/08/28   278.1       44       26      165     1029        5     237.69      1.145      3.696      9.152      6.764      0.918  372677.4 [32 tokens]
  35|       91   2011/08/28   281.3       47       23      160     1022        2     244.33      1.331      3.218      9.928      6.954      0.940  372604.0 [32 tokens]
  36|       83   2011/08/28   284.5       29       27      158      999        1     239.75      1.532      2.455     13.021      7.646      0.948  372530.2 [32 tokens]
  37|       94   2011/08/28   287.1       47       36      149     1187        3     236.66      1.297      3.198     16.160      8.678      0.937  372456.9 [32 tokens]
  38|      112   2011/08/28   289.4       51       34      170     1253        4     230.02      1.942      3.714     15.954      9.928      0.901  372383.1 [32 tokens]
  39|      130   2011/08/28   292.0       42       36      168     1318        4     225.11      3.156      2.685     15.148     10.851      0.842  372309.7 [32 tokens]
  40|      126   2011/08/28   294.6       39       31      176     1360        4     228.14      2.910      2.829     13.105      9.989      0.763  372236.0 [32 tokens]
  41|      112   2011/08/28   297.5       57       29      196     1403        3     236.78      2.227      4.371     12.178      9.700      0.674  372162.3 [32 tokens]
  42|      136   2011/08/28   300.9       51       34      178     1483        2     259.46      3.367      4.579     16.385     12.760      0.582  372088.5 [32 tokens]
  43|      139   2011/08/28   304.2       45       37      163     1436        2     265.95      4.509      2.970     22.305     15.127      0.497  372014.7 [32 tokens]
  44|      122   2011/08/28   307.3       38       39      177     1419        6     270.33      3.978      1.927     21.857     13.517      0.423  371941.0 [32 tokens]
  45|      122   2011/08/28   309.8       43       30      185     1339        6     271.25      3.484      2.113     16.870     11.465      0.365  371866.9 [32 tokens]
  46|      117   2011/08/28   311.2       44       34      158     1375        3     269.22      3.332      1.477     19.730     11.641      0.324  371792.3 [32 tokens]
  47|      112   2011/08/28   312.9       36       46      172     1380        8     260.48      2.690      0.451     25.927     11.784      0.299  371717.5 [32 tokens]
  48|      105   2011/08/28   315.0       46       44      179     1324        5     245.93      2.015      1.201     24.832     10.944      0.291  371642.6 [32 tokens]
  49|      125   2011/08/28   316.4       53       48      167     1441        9     236.69      2.293      2.211     24.264     11.859      0.298  371567.3 [32 tokens]
  50|      130   2011/08/28   316.8       50       48      157     1470        6     247.89      2.896      2.484     26.351     13.544      0.318  371491.2 [32 tokens]
  51|      129   2011/08/28   316.1       50       46      168     1469        3     245.85      3.202      2.774     24.518     13.667      0.349  371414.7 [32 tokens]
  52|      138   2011/08/28   315.1       49       41      168     1413        3     238.34      3.141      2.891     21.108     12.673      0.387  371337.9 [32 tokens]
  53|      120   2011/08/28   313.7       47       45      160     1419        2     221.94      2.491      2.914     20.020     11.398      0.427  371260.7 [32 tokens]
  54|      128   2011/08/28   311.9       55       47      151     1451        4     199.46      1.805      2.916     19.999     10.361      0.461  371183.5 [32 tokens]
  55|      120   2011/08/28   309.8       53       55      163     1466        5     176.75      1.548      2.415     18.419      9.194      0.484  371105.4 [32 tokens]
  56|      122   2011/08/28   308.0       46       45      156     1547        5     175.73      1.744      2.214     17.447      9.078      0.492  371027.1 [32 tokens]
  57|      130   2011/08/28   306.8       54       51      184     1602        3     205.41      2.299      2.821     20.008     11.044      0.486  370948.3 [32 tokens]
  58|      127   2011/08/28   305.5       49       43      175     1621        4     240.68      2.623      3.477     24.309     13.194      0.469  370869.1 [32 tokens]
  59|      125   2011/08/28   303.3       52       47      180     1589        3     254.42      3.115      3.903     25.314     14.502      0.446  370789.5 [32 tokens]
      ... [interrompido no limite de 60 linhas]

########## 1105/XYZ/1105_MagLine.XYZ (2606 MB) ##########
   0| / ------------------------------------------------------------------------------ [2 tokens]
   1| / XYZ EXPORT [06/22/2017] [4 tokens]
   2| / DATABASE   [.\1105_MagLine_M.gdb] [3 tokens]
   3| / ------------------------------------------------------------------------------ [2 tokens]
   4| / [1 tokens]
   5| /        DATA     BARO     ALTURA          X          Y      MDT         HORA   GPSALT    LATITUDE   FIDUCIAL   LONGITUDE     ALTURA_1       IGRF    M [21 tokens]
   6| /============ ======== ========== ========== ========== ======== ============ ======== =========== ========== =========== ============ ========== ==== [20 tokens]
   7| / [1 tokens]
   8| //Flight 456 [2 tokens]
   9| //Date 2013/09/14 [2 tokens]
  10| Line  9480 [2 tokens]
  11|   2013/09/14   715.47     103.44  292879.66 7624043.90   609.44  19:05:38.20   712.16  -21.474226   28275.00  -46.998990       102.72   23063.70     3 [20 tokens]
  12|   2013/09/14   715.40     103.36  292879.49 7624052.04   609.53  19:05:38.30   712.08  -21.474153   28276.00  -46.998991       102.55   23063.70     3 [20 tokens]
  13|   2013/09/14   715.34     103.28  292879.32 7624060.18   609.60  19:05:38.40   712.00  -21.474079   28277.00  -46.998991       102.40   23063.69     3 [20 tokens]
  14|   2013/09/14   715.27     103.20  292879.15 7624068.32   609.66  19:05:38.50   711.91  -21.474006   28278.00  -46.998992       102.25   23063.71     3 [20 tokens]
  15|   2013/09/14   715.21     103.12  292878.98 7624076.47   609.71  19:05:38.60   711.83  -21.473932   28279.00  -46.998993       102.12   23063.71     3 [20 tokens]
  16|   2013/09/14   715.15     103.04  292878.81 7624084.61   609.76  19:05:38.70   711.75  -21.473859   28280.00  -46.998993       102.00   23063.72     3 [20 tokens]
  17|   2013/09/14   715.09     102.96  292878.64 7624092.75   609.79  19:05:38.80   711.67  -21.473785   28281.00  -46.998994       101.88   23063.72     3 [20 tokens]
  18|   2013/09/14   715.03     102.87  292878.48 7624100.89   609.82  19:05:38.90   711.59  -21.473712   28282.00  -46.998994       101.77   23063.72     3 [20 tokens]
  19|   2013/09/14   714.97     102.78  292878.31 7624109.03   609.84  19:05:39.00   711.51  -21.473638   28283.00  -46.998995       101.67   23063.73     3 [20 tokens]
  20|   2013/09/14   714.92     102.67  292878.15 7624117.17   609.86  19:05:39.10   711.43  -21.473565   28284.00  -46.998996       101.57   23063.74     3 [20 tokens]
  21|   2013/09/14   714.86     102.56  292877.99 7624125.31   609.87  19:05:39.20   711.36  -21.473491   28285.00  -46.998996       101.48   23063.75     3 [20 tokens]
  22|   2013/09/14   714.80     102.45  292877.83 7624133.45   609.89  19:05:39.30   711.28  -21.473417   28286.00  -46.998997       101.39   23063.74     3 [20 tokens]
  23|   2013/09/14   714.75     102.33  292877.67 7624141.60   609.90  19:05:39.40   711.22  -21.473344   28287.00  -46.998997       101.31   23063.74     3 [20 tokens]
  24|   2013/09/14   714.70     102.22  292877.52 7624149.74   609.92  19:05:39.50   711.15  -21.473270   28288.00  -46.998998       101.23   23063.75     3 [20 tokens]
  25|   2013/09/14   714.64     102.10  292877.36 7624157.88   609.93  19:05:39.60   711.08  -21.473197   28289.00  -46.998998       101.15   23063.76     3 [20 tokens]
  26|   2013/09/14   714.59     101.98  292877.21 7624166.02   609.95  19:05:39.70   711.01  -21.473123   28290.00  -46.998999       101.06   23063.76     3 [20 tokens]
  27|   2013/09/14   714.54     101.86  292877.06 7624174.16   609.98  19:05:39.80   710.94  -21.473050   28291.00  -46.998999       100.96   23063.76     3 [20 tokens]
  28|   2013/09/14   714.49     101.74  292876.91 7624182.30   610.00  19:05:39.90   710.86  -21.472976   28292.00  -46.999000       100.86   23063.77     3 [20 tokens]
  29|   2013/09/14   714.44     101.63  292876.76 7624190.45   610.04  19:05:40.00   710.78  -21.472903   28293.00  -46.999000       100.74   23063.77     3 [20 tokens]
  30|   2013/09/14   714.40     101.51  292876.61 7624198.59   610.08  19:05:40.10   710.70  -21.472829   28294.00  -46.999000       100.62   23063.78     3 [20 tokens]
  31|   2013/09/14   714.35     101.39  292876.47 7624206.73   610.13  19:05:40.20   710.61  -21.472756   28295.00  -46.999001       100.48   23063.79     3 [20 tokens]
  32|   2013/09/14   714.31     101.26  292876.33 7624214.87   610.18  19:05:40.30   710.53  -21.472682   28296.00  -46.999001       100.34   23063.79     3 [20 tokens]
  33|   2013/09/14   714.26     101.14  292876.19 7624223.01   610.25  19:05:40.40   710.45  -21.472609   28297.00  -46.999001       100.19   23063.80     3 [20 tokens]
  34|   2013/09/14   714.22     101.01  292876.06 7624231.16   610.33  19:05:40.50   710.37  -21.472535   28298.00  -46.999002       100.04   23063.80     3 [20 tokens]
  35|   2013/09/14   714.18     100.89  292875.92 7624239.30   610.42  19:05:40.60   710.30  -21.472462   28299.00  -46.999002        99.87   23063.80     3 [20 tokens]
  36|   2013/09/14   714.15     100.77  292875.80 7624247.44   610.52  19:05:40.70   710.23  -21.472388   28300.00  -46.999002        99.71   23063.80     3 [20 tokens]
  37|   2013/09/14   714.12     100.65  292875.67 7624255.58   610.63  19:05:40.80   710.16  -21.472314   28301.00  -46.999002        99.53   23063.81     3 [20 tokens]
  38|   2013/09/14   714.08     100.54  292875.55 7624263.72   610.75  19:05:40.90   710.11  -21.472241   28302.00  -46.999003        99.36   23063.82     3 [20 tokens]
  39|   2013/09/14   714.06     100.44  292875.43 7624271.87   610.87  19:05:41.00   710.06  -21.472167   28303.00  -46.999003        99.19   23063.82     3 [20 tokens]
  40|   2013/09/14   714.03     100.35  292875.32 7624280.01   610.99  19:05:41.10   710.01  -21.472094   28304.00  -46.999003        99.02   23063.83     3 [20 tokens]
  41|   2013/09/14   714.01     100.27  292875.22 7624288.15   611.12  19:05:41.20   709.97  -21.472020   28305.00  -46.999003        98.85   23063.82     3 [20 tokens]
  42|   2013/09/14   713.99     100.19  292875.11 7624296.29   611.24  19:05:41.30   709.93  -21.471947   28306.00  -46.999003        98.69   23063.83     3 [20 tokens]
  43|   2013/09/14   713.98     100.12  292875.01 7624304.43   611.35  19:05:41.40   709.88  -21.471873   28307.00  -46.999003        98.53   23063.83     3 [20 tokens]
  44|   2013/09/14   713.97     100.04  292874.92 7624312.57   611.46  19:05:41.50   709.84  -21.471800   28308.00  -46.999003        98.38   23063.84     3 [20 tokens]
  45|   2013/09/14   713.96      99.97  292874.83 7624320.71   611.56  19:05:41.60   709.80  -21.471726   28309.00  -46.999003        98.24   23063.86     3 [20 tokens]
  46|   2013/09/14   713.95      99.91  292874.75 7624328.85   611.64  19:05:41.70   709.76  -21.471653   28310.00  -46.999002        98.11   23063.87     3 [20 tokens]
  47|   2013/09/14   713.95      99.85  292874.67 7624336.99   611.71  19:05:41.80   709.72  -21.471579   28311.00  -46.999002        98.00   23063.86     3 [20 tokens]
  48|   2013/09/14   713.95      99.80  292874.59 7624345.13   611.77  19:05:41.90   709.68  -21.471506   28312.00  -46.999002        97.91   23063.86     3 [20 tokens]
  49|   2013/09/14   713.95      99.75  292874.52 7624353.27   611.82  19:05:42.00   709.65  -21.471432   28313.00  -46.999002        97.83   23063.87     3 [20 tokens]
  50|   2013/09/14   713.96      99.71  292874.45 7624361.41   611.85  19:05:42.10   709.62  -21.471359   28314.00  -46.999001        97.76   23063.87     3 [20 tokens]
  51|   2013/09/14   713.97      99.68  292874.38 7624369.55   611.88  19:05:42.20   709.59  -21.471285   28315.00  -46.999001        97.72   23063.88     3 [20 tokens]
  52|   2013/09/14   713.97      99.66  292874.32 7624377.69   611.89  19:05:42.30   709.58  -21.471212   28316.00  -46.999000        97.68   23063.88     3 [20 tokens]
  53|   2013/09/14   713.98      99.65  292874.26 7624385.83   611.90  19:05:42.40   709.56  -21.471138   28317.00  -46.999000        97.66   23063.89     3 [20 tokens]
  54|   2013/09/14   713.99      99.66  292874.20 7624393.97   611.90  19:05:42.50   709.56  -21.471065   28318.00  -46.999000        97.66   23063.89     3 [20 tokens]
  55|   2013/09/14   714.00      99.68  292874.15 7624402.10   611.89  19:05:42.60   709.56  -21.470991   28319.00  -46.998999        97.67   23063.90     3 [20 tokens]
  56|   2013/09/14   714.01      99.71  292874.11 7624410.24   611.87  19:05:42.70   709.56  -21.470918   28320.00  -46.998999        97.69   23063.90     3 [20 tokens]
  57|   2013/09/14   714.02      99.73  292874.06 7624418.37   611.85  19:05:42.80   709.58  -21.470844   28321.00  -46.998998        97.72   23063.91     3 [20 tokens]
  58|   2013/09/14   714.03      99.77  292874.02 7624426.51   611.82  19:05:42.90   709.59  -21.470771   28322.00  -46.998997        97.76   23063.92     3 [20 tokens]
  59|   2013/09/14   714.04      99.80  292873.98 7624434.64   611.79  19:05:43.00   709.60  -21.470697   28323.00  -46.998997        97.81   23063.92     3 [20 tokens]
      ... [interrompido no limite de 60 linhas]

########## 1105/XYZ/1105_MagTie.XYZ (158 MB) ##########
   0| / ------------------------------------------------------------------------------ [2 tokens]
   1| / XYZ EXPORT [06/22/2017] [4 tokens]
   2| / DATABASE   [.\1105_MagTie_M.gdb] [3 tokens]
   3| / ------------------------------------------------------------------------------ [2 tokens]
   4| / [1 tokens]
   5| /        DATA     BARO     ALTURA          X          Y      MDT         HORA   GPSALT    LATITUDE   FIDUCIAL   LONGITUDE     ALTURA_1       IGRF    M [21 tokens]
   6| /============ ======== ========== ========== ========== ======== ============ ======== =========== ========== =========== ============ ========== ==== [20 tokens]
   7| / [1 tokens]
   8| //Flight 313 [2 tokens]
   9| //Date 2011/08/28 [2 tokens]
  10| Tie  19010 [2 tokens]
  11|   2011/08/28   184.88     103.32  398854.60 7345655.02    10.00  18:41:29.10    93.42  -23.997845       0.00  -45.994388        83.42   23005.65     2 [20 tokens]
  12|   2011/08/28   184.84     103.12  398850.22 7345655.04    10.00  18:41:29.20    93.35  -23.997845       1.00  -45.994431        83.35   23005.65     2 [20 tokens]
  13|   2011/08/28   184.79     102.90  398844.99 7345655.07    10.00  18:41:29.30    93.27  -23.997844       2.00  -45.994483        83.27   23005.64     2 [20 tokens]
  14|   2011/08/28   184.74     102.68  398838.92 7345655.11    10.00  18:41:29.40    93.17  -23.997844       3.00  -45.994542        83.17   23005.64     2 [20 tokens]
  15|   2011/08/28   184.68     102.46  398832.10 7345655.16    10.00  18:41:29.50    93.06  -23.997843       4.00  -45.994609        83.06   23005.63     2 [20 tokens]
  16|   2011/08/28   184.61     102.24  398824.68 7345655.22    10.00  18:41:29.60    92.93  -23.997842       5.00  -45.994682        82.93   23005.62     2 [20 tokens]
  17|   2011/08/28   184.54     102.02  398816.83 7345655.28    10.00  18:41:29.70    92.81  -23.997841       6.00  -45.994759        82.81   23005.62     2 [20 tokens]
  18|   2011/08/28   184.47     101.80  398808.66 7345655.34    10.00  18:41:29.80    92.67  -23.997840       7.00  -45.994840        82.67   23005.61     2 [20 tokens]
  19|   2011/08/28   184.40     101.58  398800.29 7345655.39    10.00  18:41:29.90    92.53  -23.997839       8.00  -45.994922        82.53   23005.61     2 [20 tokens]
  20|   2011/08/28   184.33     101.37  398791.78 7345655.43    10.00  18:41:30.00    92.39  -23.997838       9.00  -45.995006        82.39   23005.61     2 [20 tokens]
  21|   2011/08/28   184.25     101.16  398783.18 7345655.46    10.00  18:41:30.10    92.24  -23.997837      10.00  -45.995090        82.24   23005.60     2 [20 tokens]
  22|   2011/08/28   184.18     100.95  398774.55 7345655.48    10.00  18:41:30.20    92.10  -23.997836      11.00  -45.995175        82.10   23005.59     2 [20 tokens]
  23|   2011/08/28   184.10     100.74  398765.89 7345655.49    10.00  18:41:30.30    91.95  -23.997835      12.00  -45.995260        81.95   23005.59     2 [20 tokens]
  24|   2011/08/28   184.03     100.53  398757.22 7345655.49    10.00  18:41:30.40    91.80  -23.997835      13.00  -45.995345        81.80   23005.59     2 [20 tokens]
  25|   2011/08/28   183.95     100.33  398748.55 7345655.50    10.00  18:41:30.50    91.65  -23.997834      14.00  -45.995431        81.65   23005.58     2 [20 tokens]
  26|   2011/08/28   183.86     100.12  398739.89 7345655.50    10.00  18:41:30.60    91.50  -23.997834      15.00  -45.995516        81.50   23005.56     2 [20 tokens]
  27|   2011/08/28   183.77      99.91  398731.23 7345655.50    10.00  18:41:30.70    91.35  -23.997833      16.00  -45.995601        81.35   23005.56     2 [20 tokens]
  28|   2011/08/28   183.68      99.70  398722.57 7345655.50    10.00  18:41:30.80    91.20  -23.997833      17.00  -45.995686        81.20   23005.55     2 [20 tokens]
  29|   2011/08/28   183.58      99.49  398713.92 7345655.50    10.00  18:41:30.90    91.05  -23.997832      18.00  -45.995771        81.05   23005.55     2 [20 tokens]
  30|   2011/08/28   183.48      99.28  398705.27 7345655.50    10.00  18:41:31.00    90.90  -23.997831      19.00  -45.995856        80.90   23005.54     2 [20 tokens]
  31|   2011/08/28   183.37      99.08  398696.61 7345655.50    10.00  18:41:31.10    90.75  -23.997831      20.00  -45.995941        80.75   23005.53     2 [20 tokens]
  32|   2011/08/28   183.26      98.89  398687.96 7345655.50    10.00  18:41:31.20    90.60  -23.997830      21.00  -45.996026        80.60   23005.54     2 [20 tokens]
  33|   2011/08/28   183.13      98.70  398679.31 7345655.50    10.00  18:41:31.30    90.45  -23.997830      22.00  -45.996111        80.45   23005.53     2 [20 tokens]
  34|   2011/08/28   183.01      98.52  398670.65 7345655.50    10.00  18:41:31.40    90.30  -23.997829      23.00  -45.996196        80.30   23005.51     2 [20 tokens]
  35|   2011/08/28   182.87      98.35  398662.00 7345655.50    10.00  18:41:31.50    90.15  -23.997829      24.00  -45.996281        80.15   23005.52     2 [20 tokens]
  36|   2011/08/28   182.73      98.19  398653.34 7345655.50    10.00  18:41:31.60    90.00  -23.997828      25.00  -45.996367        80.00   23005.51     2 [20 tokens]
  37|   2011/08/28   182.59      98.04  398644.68 7345655.50    10.00  18:41:31.70    89.85  -23.997828      26.00  -45.996452        79.85   23005.50     2 [20 tokens]
  38|   2011/08/28   182.44      97.90  398636.03 7345655.50    10.00  18:41:31.80    89.70  -23.997827      27.00  -45.996537        79.70   23005.50     2 [20 tokens]
  39|   2011/08/28   182.29      97.76  398627.37 7345655.50    10.00  18:41:31.90    89.55  -23.997827      28.00  -45.996622        79.55   23005.49     2 [20 tokens]
  40|   2011/08/28   182.13      97.63  398618.70 7345655.50    10.00  18:41:32.00    89.40  -23.997826      29.00  -45.996707        79.40   23005.48     2 [20 tokens]
  41|   2011/08/28   181.97      97.50  398610.04 7345655.50    10.00  18:41:32.10    89.25  -23.997825      30.00  -45.996792        79.25   23005.48     2 [20 tokens]
  42|   2011/08/28   181.82      97.36  398601.37 7345655.50    10.00  18:41:32.20    89.10  -23.997825      31.00  -45.996877        79.10   23005.47     2 [20 tokens]
  43|   2011/08/28   181.65      97.21  398592.71 7345655.50    10.00  18:41:32.30    88.95  -23.997824      32.00  -45.996963        78.95   23005.47     2 [20 tokens]
  44|   2011/08/28   181.49      97.06  398584.04 7345655.50    10.00  18:41:32.40    88.80  -23.997824      33.00  -45.997048        78.80   23005.46     2 [20 tokens]
  45|   2011/08/28   181.33      96.89  398575.37 7345655.50    10.00  18:41:32.50    88.65  -23.997823      34.00  -45.997133        78.65   23005.45     2 [20 tokens]
  46|   2011/08/28   181.17      96.72  398566.69 7345655.50    10.00  18:41:32.60    88.50  -23.997823      35.00  -45.997218        78.50   23005.45     2 [20 tokens]
  47|   2011/08/28   181.01      96.53  398558.02 7345655.50    10.00  18:41:32.70    88.35  -23.997822      36.00  -45.997304        78.35   23005.45     2 [20 tokens]
  48|   2011/08/28   180.86      96.33  398549.34 7345655.50    10.00  18:41:32.80    88.20  -23.997822      37.00  -45.997389        78.20   23005.44     2 [20 tokens]
  49|   2011/08/28   180.70      96.12  398540.66 7345655.50    10.00  18:41:32.90    88.06  -23.997821      38.00  -45.997474        78.06   23005.43     2 [20 tokens]
  50|   2011/08/28   180.55      95.90  398531.99 7345655.50    10.00  18:41:33.00    87.91  -23.997820      39.00  -45.997560        77.91   23005.43     2 [20 tokens]
  51|   2011/08/28   180.40      95.68  398523.30 7345655.50    10.00  18:41:33.10    87.77  -23.997820      40.00  -45.997645        77.77   23005.42     2 [20 tokens]
  52|   2011/08/28   180.26      95.47  398514.62 7345655.50    10.00  18:41:33.20    87.62  -23.997819      41.00  -45.997730        77.62   23005.42     2 [20 tokens]
  53|   2011/08/28   180.12      95.25  398505.94 7345655.50    10.00  18:41:33.30    87.48  -23.997819      42.00  -45.997816        77.48   23005.40     2 [20 tokens]
  54|   2011/08/28   179.98      95.04  398497.25 7345655.50    10.00  18:41:33.40    87.34  -23.997818      43.00  -45.997901        77.34   23005.39     2 [20 tokens]
  55|   2011/08/28   179.85      94.84  398488.56 7345655.50    10.00  18:41:33.50    87.20  -23.997818      44.00  -45.997986        77.20   23005.39     2 [20 tokens]
  56|   2011/08/28   179.72      94.66  398479.88 7345655.50    10.00  18:41:33.60    87.07  -23.997817      45.00  -45.998072        77.07   23005.38     2 [20 tokens]
  57|   2011/08/28   179.60      94.48  398471.19 7345655.50    10.00  18:41:33.70    86.93  -23.997817      46.00  -45.998157        76.93   23005.38     2 [20 tokens]
  58|   2011/08/28   179.48      94.31  398462.50 7345655.50    10.00  18:41:33.80    86.80  -23.997816      47.00  -45.998243        76.80   23005.37     2 [20 tokens]
  59|   2011/08/28   179.37      94.16  398453.81 7345655.50    10.00  18:41:33.90    86.67  -23.997815      48.00  -45.998328        76.67   23005.37     2 [20 tokens]
      ... [interrompido no limite de 60 linhas]

########## 1039/spaulo_rjaneiro_sp.txt ##########
                                                    
Projeto : SÃO PAULO-RIO DE JANEIRO (parte São Paulo)

Código  : 1039      

01 - Limites aproximados :
          Latitudes (min/max) : -25º45'/ -22º00'   Longitudes (min/max) : -49º12' / -46º30'

02 - Quantidade de áreas : 3 
          Por motivos operacionais,essa parte do levantamento foi dividida em 3 subáreas,
          denominadas 3 4 e 6 , de acordo com o grau de dificuldade e capacidade de produção
          das aeronaves.           
         
03 - Época do levantamento :
          subárea 3  16/06/1978 - 20/12/1978 
          subárea 4  16/08/1978 - 16/10/1978 
          subárea 6  05/01/1979 - 25/02/1979                      

04 - Aeronaves utilizadas : 3 
          2 aeronaves Islander, de prefixos PT-KRP e PT-KRO operaram na subárea 3 
          1 aeronave Bandeirante de prefixo PT-GKJ operou nas subáreas 4 e 6

05 - Numeração dos perfis :                                            
          line   20 a 8120  tie 9000 a 9880 (775 + 79 = 854 perfis)
          Subárea 3 - line 2540 a 3992  tie 9230 a 9461 (118 + 19 = 137 perfis) * (1)
                      line 4000 a 5600  tie 9310 a 9240 (158 + 10 = 168 perfis) * (2)
          Subárea 4 - line   20 a 2481  tie 9000 a 9220 (243 + 25 = 268 perfis) **
          Subárea 6 - line 6040 a 8120  tie 9500 a 9880 (256 + 25 = 281 perfis) *
          *  perfis cujas coordenadas UTM estão referidas ao meridiano central -45º
          ** perfis cujas coordenadas UTM estão referidas ao meridiano central -51º
          (1)levantamento realizado pela aeronave PT-KRP
          (2)levantamento realizado pela aeronave PT-KRO    

06 - Espaçamento entre perfis de medida (line) : 1 km

07 - Direção das linhas de medida : N-S

08 - Intervalo de amostragem : 100 m

09 - Magnetômetro : Geometrics G-803

10 - Gamaespectrômetros : 
          Exploranium DIGRS-3001 (aeronaves Islander - subárea 3)
          Geometrics GR-800A  (aeronave Bandeirante - subáreas 4 e 6) 

11 - Volume dos cristais detectores :
          1024 polegadas cúbicas (Exploranium DIGRS-3001)
          3072 polegadas cúbicas (Geometrics GR-800A) 
          (ambos com cristais de iodeto de sódio ativado por Tálio)
  
12 - Renumeração dos perfis :
          Todos os perfis foram renumerados,de forma a se obter um ordenamento crescente
          de Oeste para Este,ou seja,da subárea 4 para a subárea 3.
          Relação dos números dos perfis alterados. ( antigo - atual) 
          Subárea 3   2547-2541   2567-2561   2568-2562   2569-2563   2587-2581   2607-2601
                      2627-2621   2647-2641   2669-2661   2681-2680   2727-2721   2728-2722
                      2827-2821   2828-2822   2847-2841   2867-2861   2887-2881   2907-2901
                      2927-2921   2928-2922   2987-2981   3207-3201   3227-3221   3228-3222
                      3247-3241   3328-3321   3368-3361   3387-3381   3388-3382   3407-3401
                      3461-3460   3487-3481   3507-3501   3527-3521   3547-3541   3548-3542
                      3601-3600   3727-3721   3747-3741   3827-3821   3847-3841   3867-3861
                      3927-3921   3967-3961   3999-3992   4007-4001   4008-4002   4009-4003
                      4027-4021   4028-4022   4047-4041   4048-4042   4049-4043   4067-4061
                      4068-4062   4082-4081   4088-4082   4089-4083   4107-4101   4108-4102
                      4127-4121   4128-4122   4147-4140   4148-4141   4149-4142   4161-4160 
                      4169-4161   4181-4180   4187-4181   4188-4182   4202-4200   4206-4201
                      4209-4202   4222-4220   4228-4221   4241-4240   4247-4241   4262-4260
                      4267-4261   4281-4280   4287-4281   4301-4300   4307-4301   4321-4320
                      4327-4321   4341-4340   4347-4341   4362-4360   4367-4361   4381-4380
                      4382-4381   4387-4382   4407-4401   4427-4420   4428-4421   4447-4441
                      4467-4461   4488-4481   4507-4501   4508-4502   4524-4521   4527-4522
                      4528-4523   4547-4541   4561-4560   4627-4621   4667-4661   4747-4741
                      4787-4781   4802-4800   4807-4801   4822-4820   4827-4821   4828-4822
                      4841-4840   4847-4841   4868-4861   4887-4881   4907-4901   4947-4941
                      4987-4981   5027-5021   5067-5061   5107-5101   5147-5141   5187-5181
                      5247-5241   5267-5261   5268-5262   5307-5301   5347-5341   5367-5361
                      5387-5381   5407-5401   5427-5421   5428-5422   5447-5441   5468-5461
                      5488-5481   5508-5501   5547-5540
                      9000-9230   9010-9240   9020-9250   9030-9260   9031-9261   9040-9270
                      9050-9280   9060-9290   9070-9300   9080-9310   9090-9320   9100-9330
                      9110-9340   9120-9350   9130-9360   9140-9370   9150-9380   9160-9390
                      9170-9400   9171-9401   9180-9410   9190-9420   9200-9430   9201-9431
                      9210-9440   9220-9450   9230-9460   9231-9461   9240-9470  
          Subárea 4    737- 731    747- 741    748- 742    757- 751    777- 771    797- 790
                       837- 830    847- 841    887- 881    937- 931    938- 932    947- 941
                       967- 961    987- 981   1037-1031   1077-1071   1087-1081   1131-1130
                      1167-1161   1208-1200   1247-1242   1287-1281   1307-1303   1327-1321
                      1328-1322   1348-1341   1367-1361   1368-1362   1387-1381   1547-1541
                      1548-1542   1647-1641   1648-1642   1649-1643   1668-1661   1687-1681
                      1688-1682   1689-1683   1707-1701   1727-1721   1747-1741   1767-1761
                      1787-1781   1807-1801   1808-1802   1867-1861   1868-1862   1887-1881
                      1889-1882   1907-1901   1947-1941   1987-1981   1988-1982   2007-2001
                      2047-2040   2048-2041   2067-2061   2087-2081   2088-2082
... [truncado — 41405 caracteres]

########## 1039/geotif/1039_1DV.tif ##########
bandas=3 dtype=uint8 crs=EPSG:4326 shape=(1414, 1003)
amostra banda 1: min=255.00 max=255.00
-> IMAGEM ESTILIZADA provável (usar XYZ como fonte)

########## 1039/geotif/1039_CT.tif ##########
bandas=3 dtype=uint8 crs=EPSG:4326 shape=(1413, 1004)
amostra banda 1: min=255.00 max=255.00
-> IMAGEM ESTILIZADA provável (usar XYZ como fonte)

########## 1039/geotif/1039_ETH.tif ##########
bandas=3 dtype=uint8 crs=EPSG:4326 shape=(1413, 1004)
amostra banda 1: min=255.00 max=255.00
-> IMAGEM ESTILIZADA provável (usar XYZ como fonte)

########## 1039/geotif/1039_EU.tif ##########
bandas=3 dtype=uint8 crs=EPSG:4326 shape=(1413, 1004)
amostra banda 1: min=255.00 max=255.00
-> IMAGEM ESTILIZADA provável (usar XYZ como fonte)

########## 1039/geotif/1039_KPERC.tif ##########
bandas=3 dtype=uint8 crs=EPSG:4326 shape=(1411, 1002)
amostra banda 1: min=255.00 max=255.00
-> IMAGEM ESTILIZADA provável (usar XYZ como fonte)

########## 1039/geotif/1039_MAG.tif ##########
bandas=3 dtype=uint8 crs=EPSG:4326 shape=(1414, 1003)
amostra banda 1: min=255.00 max=255.00
-> IMAGEM ESTILIZADA provável (usar XYZ como fonte)

########## 1039/geotif/1039_SINAL.tif ##########
bandas=3 dtype=uint8 crs=EPSG:4326 shape=(1414, 1003)
amostra banda 1: min=255.00 max=255.00
-> IMAGEM ESTILIZADA provável (usar XYZ como fonte)

########## 1039/geotif/1039_TERNARIO_RGB.tif ##########
bandas=3 dtype=uint8 crs=EPSG:4326 shape=(1413, 1004)
amostra banda 1: min=255.00 max=255.00
-> IMAGEM ESTILIZADA provável (usar XYZ como fonte)

########## 1039/geotif/1039_THKRAZAO.tif ##########
bandas=3 dtype=uint8 crs=EPSG:4326 shape=(1413, 1004)
amostra banda 1: min=255.00 max=255.00
-> IMAGEM ESTILIZADA provável (usar XYZ como fonte)

########## 1039/geotif/1039_UKRAZAO.tif ##########
bandas=3 dtype=uint8 crs=EPSG:4326 shape=(1413, 1004)
amostra banda 1: min=255.00 max=255.00
-> IMAGEM ESTILIZADA provável (usar XYZ como fonte)

########## 1039/geotif/1039_UTHRAZAO.tif ##########
bandas=3 dtype=uint8 crs=EPSG:4326 shape=(1413, 1004)
amostra banda 1: min=255.00 max=255.00
-> IMAGEM ESTILIZADA provável (usar XYZ como fonte)

########## 1105/gif/1105_1DV.tif ##########
bandas=3 dtype=uint8 crs=EPSG:4326 shape=(1411, 1629)
amostra banda 1: min=0.00 max=255.00
-> IMAGEM ESTILIZADA provável (usar XYZ como fonte)

########## 1105/gif/1105_CT.tif ##########
bandas=3 dtype=uint8 crs=EPSG:4326 shape=(1411, 1629)
amostra banda 1: min=0.00 max=255.00
-> IMAGEM ESTILIZADA provável (usar XYZ como fonte)

########## 1105/gif/1105_ETH.tif ##########
bandas=3 dtype=uint8 crs=EPSG:4326 shape=(1411, 1629)
amostra banda 1: min=0.00 max=255.00
-> IMAGEM ESTILIZADA provável (usar XYZ como fonte)

########## 1105/gif/1105_EU.tif ##########
bandas=3 dtype=uint8 crs=EPSG:4326 shape=(1411, 1629)
amostra banda 1: min=0.00 max=255.00
-> IMAGEM ESTILIZADA provável (usar XYZ como fonte)

########## 1105/gif/1105_KPERC.tif ##########
bandas=3 dtype=uint8 crs=EPSG:4326 shape=(1411, 1629)
amostra banda 1: min=0.00 max=255.00
-> IMAGEM ESTILIZADA provável (usar XYZ como fonte)

########## 1105/gif/1105_MAG.tif ##########
bandas=3 dtype=uint8 crs=EPSG:4326 shape=(1411, 1629)
amostra banda 1: min=0.00 max=255.00
-> IMAGEM ESTILIZADA provável (usar XYZ como fonte)

########## 1105/gif/1105_SINAL.tif ##########
bandas=3 dtype=uint8 crs=EPSG:4326 shape=(1411, 1629)
amostra banda 1: min=0.00 max=255.00
-> IMAGEM ESTILIZADA provável (usar XYZ como fonte)

########## 1105/gif/1105_TERNARIO_RGB.tif ##########
bandas=3 dtype=uint8 crs=EPSG:4326 shape=(1411, 1629)
amostra banda 1: min=0.00 max=255.00
-> IMAGEM ESTILIZADA provável (usar XYZ como fonte)

########## 1105/gif/1105_THKRAZAO.tif ##########
bandas=3 dtype=uint8 crs=EPSG:4326 shape=(1411, 1629)
amostra banda 1: min=0.00 max=255.00
-> IMAGEM ESTILIZADA provável (usar XYZ como fonte)

########## 1105/gif/1105_UKRAZAO.tif ##########
bandas=3 dtype=uint8 crs=EPSG:4326 shape=(1411, 1629)
amostra banda 1: min=0.00 max=255.00
-> IMAGEM ESTILIZADA provável (usar XYZ como fonte)

########## 1105/gif/1105_UTHRAZAO.tif ##########
bandas=3 dtype=uint8 crs=EPSG:4326 shape=(1411, 1629)
amostra banda 1: min=0.00 max=255.00
-> IMAGEM ESTILIZADA provável (usar XYZ como fonte)

Relatório salvo em: /data/outputs/s05c_inspecao.txt
